%YAML 1.2
---
camera_matrix:
  cols: 3
  data: [6706.390082815863, 0, 350.4651897382005, 0, 7750.183486997409, 215.9245754784684, 0, 0, 1]
  rows: 3
camera_name: camera1
distortion_coefficients:
  cols: 0
  data: []
  rows: 0
distortion_model: none
focal_length_meters: 0
image_height: 480
image_width: 640
projection_matrix:
  cols: 4
  data: [6706.390082815863, 0, 350.4651897382005, 0, 0, 7750.183486997409, 215.9245754784684, 0, 0, 0, 1, 0]
  rows: 3
rectification_matrix:
  cols: 3
  data: [1, 0, 0, 0, 1, 0, 0, 0, 1]
  rows: 3
