Camera.RGB: 1
Camera.fps: 30
Camera.height: 1200
Camera.type: pinhole
Camera.width: 1920
Camera1.cx: 644.8386648079777
Camera1.cy: 954.0119325437523
Camera1.fx: 1340.0051364859587
Camera1.fy: 1339.0985391272989
Camera1.k1: -0.29038717716411017
Camera1.k2: 0.0835343952227113
Camera1.p1: -0.0008763044546492685
Camera1.p2: -0.0014814354781291883
File.version: '1.0'


ORBextractor.nFeatures: 1200
ORBextractor.scaleFactor: 1.2
ORBextractor.nLevels: 8
ORBextractor.iniThFAST: 20
ORBextractor.minThFAST: 7

Viewer.KeyFrameSize: 0.05
Viewer.KeyFrameLineWidth: 1.0
Viewer.GraphLineWidth: 0.9
Viewer.PointSize: 2.0
Viewer.CameraSize: 0.08
Viewer.CameraLineWidth: 3.0
Viewer.ViewpointX: 0.0
Viewer.ViewpointY: -0.7
Viewer.ViewpointZ: -1.8
Viewer.ViewpointF: 500.0
Viewer.imageViewScale: 1.0
